28676
28678
28679
28680
28685
28686
28690
28693
28694
28697
28699
28700
28703
28706
28708
28710
28711
28712
28713
28714
28716
28719
28722
28724
28728
28729
28730
28731
28742
28743
28744
28746
28749
28750
28751
28752
28753
28756
28757
28758
28759
28760
28761
28763
28766
28768
28769
28770
28772
28773
28775
28776
28778
28779
28780
28782
28783
28786
28787
28790
28791
28796
28800
28801
28803
28807
28813
28814
28815
28818
28820
28823
28826
28827
28828
28829
28831
28834
28836
28839
28841
28846
28852
28853
28857
28860
28862
28869
28870
28871
28873
28875
28879
28880
28882
28885
28887
28888
28890
28894
28895
28896
28897
28901
28903
28907
28920
28925
28926
28927
28930
28939
28942
28943
28944
28945
28946
28947
28949
28950
28953
28954
28956
28958
28962
28964
28966
28968
28971
28973
28976
28977
28979
28980
28982
28984
28986
28988
28991
28992
