28676
28678
28679
28680
28685
28686
28690
28693
28694
28697
28699
28700
28703
28706
28708
28710
28711
28712
28713
28714
28716
28719
28722
28724
28728
28729
28730
28731
28742
28743
28744
28746
28749
28750
28751
28752
28753
28756
28757
28758
28759
28760
28761
28763
28766
28768
28769
28770
28772
28773
28775
28776
28778
28779
28780
28782
28783
28786
28787
28790
28791
28796
28800
28801
28803
28807
28813
28814
28815
28818
28820
28823
28826
28827
28828
28829
28831
28834
28836
28839
28841
28846
28852
28853
28857
28860
28862
28869
28870
28871
28873
28875
28879
28880
28882
28885
28887
28888
28890
28894
28895
28896
28897
28901
28903
28907
28920
28925
28926
28927
28930
28939
28942
28943
28944
28945
28946
28947
28949
28950
28953
28954
28956
28958
28962
28964
28966
28968
28971
28973
28976
28977
28979
28980
28982
28984
28986
28988
28991
28992
28994
28995
28996
28997
29000
29001
29002
29004
29005
29028
29030
29031
29032
29044
29046
29051
29059
29064
29065
29066
29067
29072
29076
29091
29099
29100
29107
29109
29116
29123
29125
29128
29137
29151
29152
29160
29164
29171
29173
29179
29182
29183
29186
29191
29194
29196
29198
29199
29201
29205
29211
29212
29214
29215
29216
29217
29219
29220
29224
29228
29229
29232
29234
29242
29276
29278
29279
29280
29282
29283
29284
29285
29287
29288
29289
29291
29292
29295
29296
29297
29298
29299
29300
29301
29302
29304
29306
29307
29309
29312
29314
29315
29318
29322
29324
29326
29329
29331
29333
29334
29336
29337
29339
29340
29342
29343
29344
29346
29351
29353
29358
29360
29363
29364
29365
29366
29369
29370
29371
29375
29376
29378
29384
29386
29388
29389
29392
29394
29402
29403
29404
29405
29407
29409
29411
29412
29413
29414
29415
29416
29419
29420
29421
29422
29432
29434
29436
29437
29438
29439
29440
29441
29442
29444
29445
29449
29452
29453
29454
29456
29457
29459
29460
29462
29463
29466
29473
29477
29478
29479
29484
29485
29496
29500
29508
29511
29517
29518
29519
29521
29522
29539
29540
29542
29543
29544
29551
29552
29556
29559
29560
29563
29565
29572
29584
29592
29596
29599
29603
29610
29613
29621
29622
29623
29630
29632
29659
29660
29662
29666
29670
29674
29678
29679
29732
29734
29735
29739
29740
29741
29743
29746
29747
29748
29750
29754
29756
29794
29796
29798
29997
29998
29999
30001
30002
30006
30008
30010
30018
30021
30026
30028
30154
30156
30157
30158
30161
30162
30163
30164
30165
30166
30167
30169
30170
30172
30176
30177
30180
30181
30182
30185
30186
30187
30189
30191
30197
30208
30209
30231
30235
30240
30241
30242
30243
30244
30245
30248
30253
30254