28994
28995
28996
28997
29000
29001
29002
29004
29005
29028
29030
29031
29032
29044
29046
29051
29059
29064
29065
29066
29067
29072
29076
29091
29099
29100
29107
29109
29116
29123
29125
29128
29137
29151
29152
29160
29164
29171
29173
29179
29182
29183
29186
29191
29194
29196
29198
29199
29201
29205
29211
29212
29214
29215
29216
29217
29219
29220
29224
29228
29229
29232
29234
29242
29276
29278
29279
29280
29282
29283
29284
29285
29287
29288
29289
29291
29292
29295
29296
29297
29298
29299
29300
29301
29302
29304
29306
29307
29309
29312
29314
29315
29318
29322
29324
29326
29329
29331
29333
29334
29336
29337
29339
29340
29342
29343
29344
29346
29351
29353
29358
29360
29363
29364
29365
29366
29369
29370
29371
29375
29376
29378
29384
29386
29388
29389
29392
29394
29402
29403
29404
29405
29407
29409
29411
29412
29413
29414
29415
29416
