29419
29420
29421
29422
29432
29434
29436
29437
29438
29439
29440
29441
29442
29444
29445
29449
29452
29453
29454
29456
29457
29459
29460
29462
29463
29466
29473
29477
29478
29479
29484
29485
29496
29500
29508
29511
29517
29518
29519
29521
29522
29539
29540
29542
29543
29544
29551
29552
29556
29559
29560
29563
29565
29572
29584
29592
29596
29599
29603
29610
29613
29621
29622
29623
29630
29632
29659
29660
29662
29666
29670
29674
29678
29679
29732
29734
29735
29739
29740
29741
29743
29746
29747
29748
29750
29754
29756
29794
29796
29798
29997
29998
29999
30001
30002
30006
30008
30010
30018
30021
30026
30028
30154
30156
30157
30158
30161
30162
30163
30164
30165
30166
30167
30169
30170
30172
30176
30177
30180
30181
30182
30185
30186
30187
30189
30191
30197
30208
30209
30231
30235
30240
30241
30242
30243
30244
30245
30248
30253
30254
